Valor: 7.10791954E7, Costo: 0.6719909882821229, factible: true
Ciudades:
830, 498, 178, 117, 857, 200, 747, 679, 921, 109, 1073, 607, 180, 786, 627, 74, 299, 1032, 137, 774, 642, 853, 113, 572, 710, 492, 272, 521, 216, 447, 829, 839, 505, 986, 493, 935, 893, 22, 717, 345,

Valor: 6.97526512E7, Costo: 0.6594496849756294, factible: true
Ciudades:
345, 717, 839, 505, 986, 829, 447, 22, 216, 893, 493, 935, 521, 272, 492, 710, 572, 113, 853, 642, 137, 774, 1032, 74, 299, 786, 627, 180, 607, 1073, 109, 921, 679, 200, 747, 857, 498, 178, 117, 830,

Valor: 7.123227264999998E7, Costo: 0.6734381984190669, factible: true
Ciudades:
830, 178, 498, 117, 747, 857, 200, 679, 921, 109, 1073, 607, 180, 786, 627, 74, 299, 1032, 774, 137, 642, 853, 113, 572, 710, 492, 272, 521, 216, 22, 717, 345, 447, 829, 839, 505, 986, 493, 935, 893,

Valor: 6.97526512E7, Costo: 0.6594496849756294, factible: true
Ciudades:
345, 717, 839, 505, 986, 829, 447, 22, 216, 893, 493, 935, 521, 272, 492, 710, 572, 113, 853, 642, 137, 774, 1032, 74, 299, 786, 627, 180, 607, 1073, 109, 921, 679, 200, 747, 857, 498, 178, 117, 830,

No such file or directory
Valor: 3.591457334399999E8, Costo: 3.3654397749825486, factible: false
Ciudades:
22, 74, 109, 113, 117, 137, 178, 180, 200, 216, 272, 299, 345, 447, 492, 493, 498, 505, 521, 572, 607, 627, 642, 679, 710, 717, 747, 774, 786, 829, 830, 839, 853, 857, 893, 921, 935, 986, 1032, 1073,

No such file or directory
Valor: 3.591457334399999E8, Costo: 3.3654397749825486, factible: false
Ciudades:
22, 74, 109, 113, 117, 137, 178, 180, 200, 216, 272, 299, 345, 447, 492, 493, 498, 505, 521, 572, 607, 627, 642, 679, 710, 717, 747, 774, 786, 829, 830, 839, 853, 857, 893, 921, 935, 986, 1032, 1073,

No such file or directory
Valor: 3.591457334399999E8, Costo: 3.3654397749825486, factible: false
Ciudades:
22, 74, 109, 113, 117, 137, 178, 180, 200, 216, 272, 299, 345, 447, 492, 493, 498, 505, 521, 572, 607, 627, 642, 679, 710, 717, 747, 774, 786, 829, 830, 839, 853, 857, 893, 921, 935, 986, 1032, 1073,

3992 tsp150.txt
Valor: 1.1544833171000008E8, Costo: 0.2930737983400836, factible: true
Ciudades:
670,697,876,757,297,438,408,74,115,86,385,302,119,94,547,833,955,552,454,700,313,1072,517,865,712,857,1057,478,243,583,515,410,497,178,39,669,310,337,117,830,498,13,535,679,582,234,398,1037,341,557,156,690,189,1002,785,607,395,854,10,93,637,627,293,299,44,151,107,186,675,12,359,1007,190,933,571,795,748,69,470,67,40,735,96,853,1080,1034,414,871,890,741,796,323,705,284,837,257,935,766,393,877,271,919,981,319,256,991,957,308,413,591,254,159,885,563,489,203,614,492,896,1016,347,893,528,358,688,355,98,1069,486,505,281,79,111,986,611,95,639,233,278,477,447,576,654,213,717,872,587,332,206,219

100 tsp40.txt
Valor: 6.97526512E7, Costo: 0.6594496849756294, factible: true
Ciudades:
345,717,839,505,986,829,447,22,216,893,493,935,521,272,492,710,572,113,853,642,137,774,1032,74,299,786,627,180,607,1073,109,921,679,200,747,857,498,178,117,830
