Semilla: 94835934
Costo: 0.7392012052137854, factible: true
Ciudades:
117,178,830,498,857,200,679,921,747,109,1073,607,180,786,627,74,299,1032,642,774,137,853,113,572,272,492,710,893,493,935,521,216,345,447,717,22,839,505,986,829

Semilla: 97823483483
Costo: 0.6661616491062758, factible: true
Ciudades:
830,117,857,178,498,200,747,921,679,109,1073,607,180,627,786,299,74,1032,137,774,642,853,113,572,710,492,521,272,935,893,493,829,986,505,839,447,345,717,22,216

Semilla: 1232433495665
Costo: 0.6770987139757582, factible: true
Ciudades:
830,178,117,857,498,200,747,921,679,109,1073,607,180,627,786,299,74,1032,137,774,642,853,113,710,572,521,272,492,935,493,893,216,22,839,829,986,505,447,717,345

Semilla: 195698776765
Costo: 0.670692948085533, factible: true
Ciudades:
830,117,178,857,498,200,747,679,921,109,1073,607,180,786,627,74,299,774,1032,642,935,216,22,717,345,447,839,505,986,829,493,893,521,492,272,572,710,113,853,137

Semilla: 876656456
Costo: 0.7600288494627124, factible: false
Ciudades:
1073,607,180,627,786,299,74,853,137,1032,774,642,113,572,710,492,272,521,216,447,839,829,986,505,493,935,893,22,717,345,830,178,498,679,109,921,747,200,857,117

Semilla: 982392
Costo: 0.6675758724943628, factible: true
Ciudades:
830,117,178,498,857,200,747,921,679,109,1073,607,180,786,627,74,299,1032,774,642,935,893,493,829,986,505,839,447,345,717,22,216,521,572,113,710,492,272,853,137

Semilla: 389473924
Costo: 0.683940170688825, factible: false
Ciudades:
22,717,345,447,829,839,505,986,493,935,893,216,521,272,492,710,572,113,853,642,1032,774,137,830,117,178,857,498,200,747,679,921,109,1073,607,180,786,627,74,299

Semilla: 932480134
Costo: 0.696280525067978, factible: true
Ciudades:
830,117,178,857,498,200,679,747,921,109,1073,607,180,627,786,299,74,1032,642,853,137,774,113,272,492,710,572,521,216,893,935,493,829,986,505,839,447,22,717,345

Semilla: 85738659320
Costo: 0.6719716213978728, factible: true
Ciudades:
345,717,22,447,505,839,829,986,493,935,893,216,521,272,492,710,572,113,853,642,1032,137,774,74,299,786,627,180,607,1073,109,921,747,679,200,857,178,498,117,830

Semilla: 67583587209
Costo: 0.7091186111513265, factible: true
Ciudades:
498,200,857,117,830,178,679,921,747,109,1073,607,180,786,627,74,299,1032,774,137,853,642,113,572,710,492,521,272,893,493,935,216,22,839,829,986,505,447,717,345

Semilla: 129313464524
Costo: 0.6595634988847855, factible: true
Ciudades:
830,117,178,498,857,200,679,747,921,109,1073,180,607,786,627,74,299,1032,774,137,642,853,113,572,710,492,272,521,216,893,935,493,986,829,839,505,447,345,717,22

Semilla: 3747385
Costo: 0.6527203752552081, factible: true
Ciudades:
830,117,178,498,857,200,747,679,921,109,1073,607,180,627,786,299,74,1032,774,137,853,642,113,572,710,492,272,521,216,22,893,935,493,505,986,829,839,447,717,345

Semilla: 893247294
Costo: 0.715776737097455, factible: false
Ciudades:
137,1032,774,642,853,113,572,710,492,272,521,216,893,935,493,505,839,829,986,447,22,717,345,830,117,178,857,498,200,747,679,921,109,1073,627,74,299,786,607,180

Semilla: 3984423
Costo: 0.6701930037325216, factible: true
Ciudades:
345,717,447,829,986,505,839,22,216,493,935,893,521,572,710,492,272,113,642,853,137,1032,774,299,74,627,786,180,607,1073,109,921,679,747,200,498,857,117,178,830

Semilla: 2342353465
Costo: 0.6603944392409885, factible: true
Ciudades:
829,986,505,839,447,345,717,22,216,893,493,935,521,272,492,710,572,113,853,642,137,774,1032,74,299,786,627,180,607,1073,109,921,747,857,200,679,178,498,117,830

Semilla: 2342353465324
Costo: 0.6573168535721464, factible: true
Ciudades:
829,986,505,839,447,345,717,22,216,493,893,935,272,521,492,710,572,113,853,137,642,774,1032,74,299,786,627,180,607,1073,109,679,921,747,200,498,857,178,117,830

Semilla: 937483875
Costo: 0.6606151542241854, factible: true
Ciudades:
216,22,717,345,447,829,839,505,986,493,935,893,521,272,492,710,572,113,853,137,642,774,1032,74,299,786,627,180,607,1073,109,679,921,747,200,498,178,857,117,830

Semilla: 9384792358
Costo: 0.7170245736191017, factible: false
Ciudades:
137,642,774,1032,299,74,853,113,572,710,492,272,521,216,22,893,935,493,829,986,505,839,447,717,345,830,117,857,498,178,200,747,921,679,109,1073,607,180,786,627

Semilla: 23432984735
Costo: 0.672489453361709, factible: true
Ciudades:
830,117,857,178,498,200,747,679,921,109,1073,607,180,627,786,299,74,1032,774,642,137,853,113,572,710,492,521,272,893,935,493,986,829,839,505,447,22,216,717,345

Semilla: 3242446224
Costo: 0.6790333933234568, factible: true
Ciudades:
830,117,178,498,857,200,747,679,921,109,1073,607,180,627,786,299,74,1032,774,137,642,853,113,572,710,272,492,935,493,893,521,216,22,717,839,829,986,505,447,345

Semilla: 98792424563
Costo: 0.6587432135213764, factible: true
Ciudades:
345,717,22,447,829,839,505,986,493,935,893,216,521,272,492,710,572,113,853,642,774,137,1032,74,299,786,627,180,607,1073,109,921,747,679,200,857,498,178,117,830

Semilla: 19587665
Costo: 0.6780298071128218, factible: true
Ciudades:
505,986,829,839,447,345,717,22,216,893,935,493,272,521,492,642,113,572,710,853,137,774,1032,299,74,627,786,180,607,1073,109,921,747,857,200,679,498,178,117,830

Semilla: 9837465
Costo: 0.7016129719453557, factible: false
Ciudades:
829,986,505,839,447,22,717,345,830,117,178,498,857,200,747,679,921,109,1073,607,180,627,786,299,74,853,113,572,710,492,272,521,216,893,493,935,642,774,1032,137

Semilla: 19873495
Costo: 0.7201976281778932, factible: true
Ciudades:
830,117,857,498,200,178,747,679,921,109,1073,786,607,180,627,74,299,774,1032,137,642,853,113,572,710,521,272,492,893,493,935,839,829,986,505,447,216,22,717,345

Semilla: 1956876534365
Costo: 0.6883342487818744, factible: true
Ciudades:
830,117,178,200,747,857,498,679,921,109,1073,607,180,786,627,74,299,1032,137,774,642,853,710,113,572,521,272,492,935,493,893,216,22,839,829,986,505,447,717,345

Semilla: 3847293484
Costo: 0.6799823923260274, factible: true
Ciudades:
493,829,986,505,839,447,345,717,22,216,893,935,492,272,521,710,572,113,853,642,774,137,1032,74,299,786,627,180,607,1073,109,679,921,747,200,178,498,857,117,830

Semilla: 3943874832949
Costo: 0.6965643698609686, factible: true
Ciudades:
830,117,857,178,498,200,747,679,921,109,1073,607,180,627,786,299,74,853,137,1032,774,642,113,572,710,492,272,521,216,22,717,345,447,935,893,493,505,839,829,986

Semilla: 3987429
Costo: 0.7348255080084517, factible: false
Ciudades:
137,1032,774,299,74,627,786,180,607,1073,109,679,921,747,200,857,117,178,498,830,345,717,447,829,986,505,839,22,216,893,493,935,272,572,521,492,710,642,113,853

Semilla: 9324789272
Costo: 0.6603523962439662, factible: true
Ciudades:
830,117,857,178,498,200,747,679,921,109,1073,607,180,627,786,299,74,774,1032,642,137,853,113,572,710,492,521,272,935,893,493,216,22,717,345,447,839,505,986,829

Semilla: 934823947293
Costo: 0.6585606754212269, factible: true
Ciudades:
986,505,839,829,447,345,717,22,216,493,935,893,521,272,492,710,572,113,642,853,137,1032,774,74,299,786,627,180,607,1073,109,679,921,747,857,200,498,178,117,830

Semilla: 2131834743723
Costo: 0.7049040367068854, factible: false
Ciudades:
830,117,857,498,178,200,747,921,109,679,345,717,22,447,839,829,986,505,493,935,893,216,521,272,492,710,572,113,853,642,774,137,1032,299,74,627,786,180,607,1073

Semilla: 12193814912
Costo: 0.7274857390423686, factible: true
Ciudades:
986,829,839,505,447,345,717,493,935,893,216,22,521,272,492,710,572,113,1032,137,853,642,774,299,74,627,786,607,180,1073,109,921,679,747,117,498,200,857,178,830

Semilla: 1111111111
Costo: 0.688114948549031, factible: true
Ciudades:
830,117,857,498,178,200,921,747,679,109,1073,627,607,180,786,299,74,774,1032,137,642,853,113,572,710,492,272,521,893,935,493,216,22,717,345,447,829,839,505,986

Semilla: 7777777777
Costo: 0.6619440860157324, factible: true
Ciudades:
830,117,857,178,498,200,747,679,921,109,1073,180,607,786,627,74,299,1032,774,137,853,113,642,572,710,492,272,521,893,493,935,216,22,717,839,829,986,505,447,345

Semilla: 76384245564333
Costo: 0.7001806520921325, factible: true
Ciudades:
830,498,117,857,178,200,747,679,921,109,1073,180,607,786,627,74,299,774,1032,137,853,113,642,710,572,272,521,492,935,893,493,505,986,829,839,447,345,717,22,216

Semilla: 3
Costo: 0.703168575104956, factible: true
Ciudades:
839,829,986,493,935,893,505,447,345,717,22,216,521,272,492,710,572,113,642,774,1032,137,853,74,299,786,627,180,607,1073,109,921,679,747,200,498,178,857,117,830

Semilla: 10
Costo: 0.6737783315274193, factible: true
Ciudades:
830,117,178,498,857,200,747,921,679,109,1073,627,180,607,786,299,74,642,774,1032,137,853,113,710,492,272,572,521,935,493,893,216,22,717,345,447,839,505,986,829

Semilla: 9035899258
Costo: 0.698404404402718, factible: true
Ciudades:
830,117,498,178,857,679,747,200,921,109,1073,607,180,627,786,299,74,774,1032,137,642,853,113,710,492,521,572,272,493,935,893,216,22,717,345,447,839,505,986,829

Semilla: 38573485
Costo: 0.70707911448074, factible: true
Ciudades:
830,117,178,200,498,857,747,921,679,109,1073,607,180,786,627,74,299,1032,137,774,642,853,710,113,935,493,893,572,272,492,521,216,22,447,829,986,505,839,717,345

Semilla: 439689464
Costo: 0.6779754585371397, factible: false
Ciudades:
299,74,627,786,180,607,1073,109,921,679,747,200,857,498,178,117,830,137,774,1032,642,853,113,572,710,492,272,521,935,893,493,216,22,717,345,447,505,839,829,986

Semilla: 3958932520958246
Costo: 0.6590260344806704, factible: true
Ciudades:
493,935,839,505,986,829,447,345,717,22,216,893,521,272,492,710,572,113,642,853,137,774,1032,299,74,627,786,607,180,1073,109,921,679,747,200,857,178,498,117,830

Semilla: 25
Costo: 0.7110790563550347, factible: true
Ciudades:
830,178,857,117,498,200,747,921,679,109,1073,607,180,627,786,299,74,774,1032,572,710,521,893,935,493,986,829,839,505,447,345,717,22,216,272,492,642,113,853,137

Semilla: 3958205042
Costo: 0.655518082203599, factible: true
Ciudades:
830,117,178,498,857,200,747,921,679,109,1073,180,607,627,786,299,74,774,1032,137,853,642,113,572,710,492,272,521,893,935,493,216,22,717,345,447,829,986,505,839

Semilla: 3289725
Costo: 0.6547770215685467, factible: true
Ciudades:
829,986,505,839,447,345,717,22,216,493,935,893,521,272,492,710,572,642,853,113,774,137,1032,299,74,627,786,180,607,1073,109,921,679,747,117,857,200,498,178,830
Semilla: 2534643654
Costo: 0.6965643698752382, factible: true
Ciudades:
830,117,857,178,498,200,747,679,921,109,1073,607,180,627,786,299,74,853,137,1032,774,642,113,572,710,492,272,521,216,22,717,345,447,935,893,493,505,839,829,986

Semilla: 25464634252
Costo: 0.6808514499267779, factible: true
Ciudades:
345,717,22,893,935,493,829,986,505,839,447,216,521,272,492,710,572,113,642,774,1032,137,853,74,299,786,627,180,607,1073,109,679,921,747,200,498,178,857,117,830

Semilla: 9248294293
Costo: 0.6734421022471592, factible: true
Ciudades:
830,117,178,498,200,679,857,747,921,109,1073,607,180,786,627,74,299,1032,774,137,853,642,113,572,710,492,521,216,272,893,935,493,505,986,829,839,447,22,717,345

Semilla: 333
Costo: 0.6354061391648228, factible: true
Ciudades:
830,117,178,498,857,200,747,921,679,109,1073,607,180,627,786,299,74,1032,774,137,853,642,113,572,710,492,521,272,935,493,893,216,22,717,345,447,839,505,986,829

Semilla: 7
Costo: 0.6696428155821961, factible: true
Ciudades:
830,117,857,178,498,200,747,921,679,109,1073,627,180,607,786,299,74,1032,774,137,853,642,113,572,710,492,272,521,893,935,493,986,505,839,829,447,345,717,22,216

Semilla: 64333
Costo: 0.7012861841838515, factible: false
Ciudades:
627,786,607,180,1073,109,679,921,747,200,498,857,178,117,830,839,829,986,505,447,345,717,22,216,893,493,935,521,272,492,710,572,113,853,642,774,137,1032,74,299

Semilla: 728462834627482
Costo: 0.6643310691700988, factible: false
Ciudades:
345,717,22,447,505,839,829,986,493,935,893,216,521,272,492,710,572,113,853,642,774,1032,137,830,117,857,178,498,200,747,679,921,109,1073,607,180,786,627,74,299

Semilla: 8767
Costo: 0.6520724927027163, factible: true
Ciudades:
830,117,857,178,498,200,747,679,921,109,1073,607,180,627,786,299,74,1032,774,137,853,642,113,572,710,492,272,521,216,893,935,493,986,829,839,505,447,22,717,345

Semilla: 1389192
Costo: 0.6616469550001359, factible: true
Ciudades:
345,717,22,447,829,986,505,839,935,493,893,216,521,272,492,710,572,113,853,642,774,137,1032,74,299,786,627,180,607,1073,109,679,921,747,200,857,178,498,117,830

Semilla: 564333
Costo: 0.7281253129478023, factible: false
Ciudades:
830,178,498,679,109,921,747,200,857,117,216,22,717,345,447,839,829,986,505,493,935,893,521,272,492,710,572,113,642,853,137,774,1032,74,299,786,627,180,607,1073

Semilla: 7638424
Costo: 0.6822608202492471, factible: false
Ciudades:
137,1032,774,642,853,113,572,272,710,492,521,893,493,935,216,22,717,345,447,839,505,986,829,830,178,117,498,857,200,747,921,679,109,1073,607,180,786,627,74,299

Semilla: 7635564333
Costo: 0.7002121671477635, factible: false
Ciudades:
137,853,642,774,74,299,1032,113,572,710,492,272,521,893,935,493,216,22,717,345,447,839,505,986,829,830,117,178,498,200,857,747,679,921,109,1073,607,180,786,627

Semilla: 763
Costo: 0.6410906027759481, factible: true
Ciudades:
830,117,857,178,498,679,200,747,921,109,1073,607,180,627,786,299,74,1032,774,137,853,642,113,572,710,492,272,521,935,493,893,216,22,717,345,447,839,505,986,829

Semilla: 763873
Costo: 0.6776379988043852, factible: false
Ciudades:
299,74,627,786,180,607,1073,109,679,921,747,200,857,117,498,178,830,216,22,717,345,447,505,839,829,986,493,935,893,521,272,492,710,572,113,853,642,774,1032,137

Semilla: 763234333
Costo: 0.6940812045754096, factible: true
Ciudades:
830,117,178,200,498,857,747,679,921,109,1073,786,607,180,627,74,299,1032,774,642,572,521,216,22,717,345,447,829,839,505,986,493,935,893,492,272,710,113,853,137

Semilla: 4333
Costo: 0.7199799833839998, factible: true
Ciudades:
857,117,830,178,498,679,200,747,921,109,1073,607,180,786,627,74,299,1032,774,113,853,137,642,710,492,272,572,521,893,935,493,986,505,839,829,447,345,717,22,216

Semilla: 878564333
Costo: 0.6469576362848539, factible: true
Ciudades:
839,505,986,829,447,345,717,22,216,493,935,893,521,272,492,710,572,113,642,853,137,1032,774,74,299,786,627,180,607,1073,109,921,679,747,200,857,498,178,117,830

Semilla: 64333
Costo: 0.7012861841838515, factible: false
Ciudades:
627,786,607,180,1073,109,679,921,747,200,498,857,178,117,830,839,829,986,505,447,345,717,22,216,893,493,935,521,272,492,710,572,113,853,642,774,137,1032,74,299

Semilla: 45564333
Costo: 0.7166162019323231, factible: false
Ciudades:
774,1032,74,299,786,627,180,607,1073,109,921,679,200,747,857,498,178,117,830,137,853,642,113,572,710,492,272,521,893,935,493,986,829,839,505,447,345,717,22,216

Semilla: 763833
Costo: 0.6746714739802093, factible: true
Ciudades:
830,117,857,178,498,200,747,679,921,109,1073,607,180,627,786,299,74,1032,572,272,521,216,22,717,345,447,839,829,986,505,493,893,935,492,710,113,853,642,774,137

Semilla: 8764245564333
Costo: 0.6917857846770473, factible: true
Ciudades:
830,117,178,498,857,200,679,921,747,109,1073,607,180,786,627,74,299,1032,572,710,492,521,272,216,22,717,345,447,505,839,829,986,493,893,935,642,853,113,774,137

Semilla: 7634333
Costo: 0.7185291117113018, factible: true
Ciudades:
345,717,22,839,505,986,829,447,216,893,493,935,521,492,272,710,572,113,642,853,137,1032,774,74,299,786,607,627,180,1073,109,679,921,747,857,200,178,498,117,830

Semilla: 76364333
Costo: 0.6770177183054387, factible: true
Ciudades:
830,498,178,117,857,200,747,921,679,109,1073,607,180,627,786,299,74,853,137,1032,774,642,113,572,710,492,272,521,216,893,935,493,986,505,839,829,447,22,717,345

Semilla: 7634333
Costo: 0.7185291117113018, factible: true
Ciudades:
345,717,22,839,505,986,829,447,216,893,493,935,521,492,272,710,572,113,642,853,137,1032,774,74,299,786,607,627,180,1073,109,679,921,747,857,200,178,498,117,830

Semilla: 876333
Costo: 0.6836120832715799, factible: false
Ciudades:
627,786,180,607,1073,109,679,921,747,200,857,498,178,117,830,829,986,505,839,447,345,717,22,216,493,935,893,521,272,492,710,572,113,642,774,1032,137,853,74,299

Semilla: 11184245564333
Costo: 0.649222629660463, factible: true
Ciudades:
830,117,498,178,857,200,747,921,679,109,1073,180,607,627,786,299,74,774,1032,137,853,642,113,572,710,492,272,521,935,493,893,216,22,717,345,447,839,505,986,829

Semilla: 763876733
Costo: 0.6811609813523656, factible: true
Ciudades:
830,117,178,498,857,200,747,921,679,109,1073,627,607,180,786,299,74,1032,642,774,137,853,113,572,710,492,521,272,216,893,935,493,505,986,829,839,447,345,717,22

Semilla: 89764333
Costo: 0.670585751742469, factible: true
Ciudades:
830,117,178,498,857,200,679,747,921,109,1073,607,180,786,627,74,299,1032,774,642,935,893,493,829,986,505,839,447,345,717,22,216,521,572,113,272,492,710,853,137

Semilla: 763555564333
Costo: 0.7257289938350472, factible: true
Ciudades:
830,178,498,117,857,200,921,679,747,109,1073,607,180,627,786,299,74,774,1032,137,853,113,642,572,710,492,272,216,521,893,493,935,839,829,986,505,447,345,717,22

Semilla: 233555564333
Costo: 0.6807930058479081, factible: true
Ciudades:
345,717,829,986,505,839,447,22,216,935,493,893,521,272,492,710,572,113,853,137,774,642,1032,74,299,786,627,180,607,1073,109,921,679,747,200,117,857,498,178,830

Semilla: 7638487665644333
Costo: 0.6462953981084173, factible: true
Ciudades:
830,117,857,178,498,200,747,679,921,109,1073,607,180,786,627,74,299,774,1032,137,642,853,113,710,572,272,492,521,935,493,893,216,22,717,345,447,829,986,505,839

Semilla: 763842459876
Costo: 0.7426347125136905, factible: false
Ciudades:
137,1032,774,113,853,642,74,299,786,627,180,607,1073,109,921,679,747,200,498,117,857,178,830,345,717,22,447,839,829,986,505,493,935,893,216,521,272,572,710,492

Semilla: 82472
Costo: 0.693655332293635, factible: false
Ciudades:
137,642,774,1032,299,74,627,786,180,607,1073,109,679,921,747,200,857,498,178,117,830,829,986,505,839,447,345,717,22,216,493,935,893,272,521,492,710,853,113,572

Semilla: 103910481
Costo: 0.6673596180078059, factible: true
Ciudades:
830,117,857,178,498,200,679,921,747,109,1073,607,180,627,786,299,74,853,137,1032,774,642,113,572,710,492,272,521,935,493,893,216,22,717,345,447,829,986,505,839

Semilla: 90238014
Costo: 0.6629155004152921, factible: true
Ciudades:
345,717,447,829,986,505,839,22,216,493,935,893,521,272,492,710,572,113,642,853,137,774,1032,74,299,786,627,180,607,1073,109,921,679,200,747,857,117,178,498,830

Semilla: 924823532
Costo: 0.7025836321367651, factible: false
Ciudades:
505,986,829,839,447,345,717,22,216,893,493,935,272,492,710,521,572,113,853,642,1032,774,137,830,498,117,178,857,200,747,921,679,109,1073,607,180,786,627,74,299

Semilla: 76765
Costo: 0.6487922167523518, factible: true
Ciudades:
830,117,857,178,498,200,747,679,921,109,1073,607,180,627,786,299,74,1032,774,642,137,853,113,572,710,492,521,272,935,493,893,216,22,717,345,447,839,829,986,505

Semilla: 7693287524333
Costo: 0.7398068922643765, factible: false
Ciudades:
893,935,493,710,853,137,830,117,857,178,498,200,679,747,921,109,1073,627,180,607,786,299,74,1032,774,642,113,572,272,492,521,216,22,717,345,447,839,505,986,829

Semilla: 76384248932493
Costo: 0.7488820367240269, factible: false
Ciudades:
200,679,109,921,747,857,178,498,117,830,829,986,505,493,893,935,839,447,345,717,22,216,521,272,492,710,572,113,853,642,137,774,1032,299,74,627,786,180,607,1073

Semilla: 763809873
Costo: 0.7484201501860418, factible: false
Ciudades:
830,178,498,117,857,200,747,679,921,109,1073,22,717,345,447,505,839,829,986,493,935,893,216,521,272,492,710,572,113,853,137,642,774,1032,74,299,786,180,607,627

Semilla: 3
Costo: 0.703168575104956, factible: true
Ciudades:
839,829,986,493,935,893,505,447,345,717,22,216,521,272,492,710,572,113,642,774,1032,137,853,74,299,786,627,180,607,1073,109,921,679,747,200,498,178,857,117,830

Semilla: 0
Costo: 0.7399105254415563, factible: false
Ciudades:
493,935,893,492,272,572,710,521,216,22,717,345,447,986,829,839,505,830,117,178,498,200,857,747,679,921,109,1073,786,607,180,627,74,299,774,1032,642,113,853,137

Semilla: 12131564333
Costo: 0.6640032625536696, factible: true
Ciudades:
830,178,498,117,857,200,747,921,679,109,1073,607,180,627,786,299,74,642,774,1032,137,853,113,572,710,492,521,272,893,493,935,216,22,717,345,447,839,505,986,829

Semilla: 7638429481
Costo: 0.6901163907965159, factible: false
Ciudades:
627,786,180,607,1073,109,679,921,747,200,498,178,857,117,830,216,22,717,345,447,839,829,986,505,493,935,893,521,272,492,710,572,642,113,853,137,774,1032,74,299

Semilla: 3249223423
Costo: 0.6657787955133073, factible: false
Ciudades:
137,1032,774,642,853,113,572,710,492,272,521,216,893,935,493,986,505,839,829,447,22,717,345,830,117,178,498,857,200,747,679,921,109,1073,607,180,786,627,74,299

Semilla: 2984729
Costo: 0.6936240633696781, factible: false
Ciudades:
137,774,1032,74,299,786,627,180,607,1073,109,921,679,747,200,857,498,178,117,830,829,986,505,839,447,345,717,22,216,893,521,272,492,710,572,113,853,642,935,493
