Semilla: 77785
Costo: 0.3153560314707633, factible: false
Ciudades:
712,857,497,178,39,310,669,498,410,515,583,243,478,13,1057,535,679,582,234,795,748,571,69,470,489,203,614,492,896,1016,347,323,890,871,670,876,757,297,438,408,74,115,299,302,385,86,293,627,637,93,10,854,395,607,785,1002,189,690,156,557,341,1037,398,119,94,547,833,955,552,454,700,313,1072,517,865,337,117,830,853,1080,1034,414,697,359,151,44,107,12,675,186,933,190,1007,67,40,735,96,741,796,705,284,837,257,935,528,893,766,885,563,393,877,159,254,981,919,271,319,256,991,591,413,957,308,213,717,872,587,332,206,219,654,576,447,477,278,233,639,95,611,986,111,79,281,505,486,1069,98,355,688,358
Semilla: 934522
Costo: 0.3069167920917955, factible: false
Ciudades:
271,919,981,319,256,991,591,413,254,159,885,563,893,766,347,1016,96,896,492,614,203,877,393,489,470,69,748,795,830,498,515,410,497,178,39,669,310,117,337,865,517,313,700,454,552,955,1072,712,857,583,243,478,13,1057,535,679,582,234,833,547,94,119,398,1037,341,557,156,690,189,1002,10,854,395,607,785,93,637,627,293,86,385,302,408,74,115,299,44,151,107,12,1007,40,735,67,571,933,190,186,675,359,438,297,757,876,697,853,1080,1034,414,670,871,890,741,796,323,705,284,837,257,935,528,957,308,213,717,872,587,332,206,219,654,576,447,477,1069,98,355,688,358,486,505,281,79,111,986,278,233,639,95,611
Semilla: 4817743626530534642
Costo: 0.3197877841588953, factible: false
Ciudades:
830,178,39,310,669,497,498,410,583,515,243,478,13,1057,535,679,582,234,398,654,576,447,477,278,233,639,95,611,986,111,79,281,505,486,1069,98,355,688,358,528,893,766,347,203,489,470,69,571,748,795,712,857,117,337,865,517,313,1072,700,454,552,955,833,547,94,119,1037,341,557,156,690,189,1002,785,607,395,854,10,93,637,627,293,302,385,86,74,408,438,297,757,876,697,853,1080,1034,414,670,871,890,741,796,323,705,284,837,257,935,563,885,159,254,591,413,957,308,213,717,872,587,206,219,332,991,256,319,981,919,271,877,393,1016,614,492,896,96,735,40,67,1007,190,933,186,675,12,359,107,151,44,299,115
Semilla: 2953232520556532974
Costo: 0.30947603111436284, factible: false
Ciudades:
607,785,1002,189,690,156,557,341,1037,398,119,94,547,833,234,582,679,535,1057,13,478,243,583,515,410,498,497,857,712,1072,955,552,454,700,313,517,865,337,117,310,669,39,178,830,795,748,190,186,675,1007,40,735,96,896,492,614,1016,203,877,159,254,591,413,957,308,213,717,654,576,447,477,98,355,688,1069,486,505,281,79,111,986,611,95,639,233,278,358,528,893,766,347,935,257,837,284,705,323,796,741,890,871,670,414,1034,1080,853,697,876,757,297,438,408,74,115,86,385,302,93,395,10,854,637,627,293,299,44,151,107,359,12,933,571,67,69,470,489,393,563,885,271,919,981,319,256,991,587,872,332,206,219
Semilla: 4005326276986298411
Costo: 0.2997844070400898, factible: false
Ciudades:
611,95,639,233,278,986,111,79,281,505,486,358,688,355,98,1069,477,447,576,654,219,206,332,587,872,717,213,308,957,413,591,991,256,319,271,919,981,254,159,877,393,563,885,528,893,766,96,735,40,853,1080,1034,414,697,297,438,115,299,44,151,107,186,675,12,359,1007,67,69,470,489,203,614,492,896,1016,347,935,257,837,284,705,323,796,741,890,871,670,876,757,408,74,86,385,302,293,627,637,93,785,607,395,854,10,1002,189,690,156,557,341,1037,398,119,94,547,833,234,582,679,535,1057,13,478,243,583,515,410,498,669,310,39,178,497,857,712,1072,955,552,454,700,313,517,865,337,117,830,190,933,571,748,795
Semilla: 4354674945493974449
Costo: 0.2876717652191099, factible: false
Ciudades:
219,206,332,587,872,654,576,355,358,688,98,1069,486,505,281,79,111,986,611,95,639,233,278,477,447,717,213,308,957,413,591,991,256,319,271,919,981,254,159,885,563,528,935,257,837,284,705,323,796,741,890,871,670,697,876,757,297,438,359,1007,190,933,186,675,12,107,151,44,299,115,74,408,302,385,86,293,627,637,93,10,854,395,607,785,1002,189,690,156,557,341,1037,398,119,94,547,833,955,552,454,700,313,1072,517,865,712,857,410,583,1057,535,234,582,679,13,478,243,515,498,497,178,39,669,310,337,117,830,795,748,571,67,69,470,489,203,877,393,893,766,347,1016,614,896,492,735,40,96,1080,1034,414,853
Semilla: 7766304441036194589
Costo: 0.2989091799144187, factible: false
Ciudades:
67,470,69,748,795,571,933,107,44,151,359,12,675,186,190,1007,735,40,853,871,890,741,796,323,705,284,837,257,935,528,893,766,563,885,159,254,981,919,271,319,256,991,591,393,877,489,203,347,1016,614,492,896,96,1080,1034,414,670,697,876,757,297,438,408,74,115,299,293,86,385,302,627,637,93,854,10,1002,189,690,156,557,785,607,395,341,1037,398,119,94,547,833,234,582,679,535,1057,13,478,243,583,515,410,498,497,178,39,310,669,857,712,1072,955,552,454,700,313,517,865,337,117,830,219,206,332,587,872,654,576,355,358,688,98,1069,486,505,281,79,111,986,611,95,639,233,278,477,447,717,213,308,957,413
Semilla: 741944543180814984
Costo: 0.2772515369612484, factible: true
Ciudades:
830,117,337,310,669,39,178,497,498,410,515,243,478,13,535,1057,583,857,712,865,517,1072,313,700,454,552,955,833,547,94,119,398,582,679,234,1037,341,557,156,690,189,1002,10,854,395,607,785,93,302,385,86,293,637,627,115,299,44,151,107,12,675,186,190,933,571,795,748,69,470,489,203,614,492,896,1016,257,935,837,284,705,323,796,741,890,871,1034,1080,853,414,670,697,876,757,297,438,408,74,359,1007,67,40,735,96,347,766,893,528,885,563,393,877,159,254,981,919,271,319,256,991,591,413,957,308,213,717,872,587,332,206,219,654,576,447,477,1069,98,355,688,358,486,505,281,79,111,986,278,233,639,95,611
Semilla: 902818083969219121
Costo: 0.30346208884595804, factible: false
Ciudades:
219,206,332,587,872,254,347,96,1080,1034,414,853,359,151,44,299,115,74,408,302,385,86,293,627,637,93,10,854,395,607,785,1002,189,690,156,557,341,1037,398,119,94,547,833,234,582,679,535,1057,13,478,243,583,515,410,857,712,1072,955,552,454,700,313,517,865,337,117,310,669,39,178,497,498,830,438,297,757,876,697,670,871,890,741,796,323,705,284,837,257,935,766,893,528,358,278,233,639,95,611,986,111,79,281,505,486,1069,688,355,98,477,447,576,654,717,213,308,957,413,591,991,256,319,981,919,271,159,885,563,393,877,489,203,614,1016,896,492,735,40,67,470,69,748,795,571,933,107,12,675,186,190,1007
Semilla: 4982227088560588805
Costo: 0.3189629699167305, factible: false
Ciudades:
669,310,117,337,865,517,313,700,454,552,955,1072,712,857,410,498,830,254,981,919,271,319,256,991,591,413,957,308,213,717,447,477,278,233,639,95,611,986,111,79,281,505,486,1069,98,688,358,355,576,654,872,587,332,206,219,39,178,497,515,583,243,478,13,1057,535,679,582,234,833,547,94,119,398,1037,341,557,156,690,189,1002,785,607,395,854,10,93,637,627,302,385,86,293,299,115,74,408,438,297,359,151,44,107,12,675,186,1007,190,933,571,795,748,69,470,67,40,735,96,896,492,614,1016,203,489,877,393,563,885,159,528,893,766,347,935,257,837,284,705,323,796,741,890,871,1034,1080,853,414,670,697,876,757
Semilla: 2644552516158257155
Costo: 0.2770725354136768, factible: true
Ciudades:
438,297,757,876,670,871,890,741,796,323,705,284,837,257,935,347,1016,896,492,614,203,489,877,393,563,885,159,254,981,919,271,319,256,991,591,413,957,308,213,717,872,587,332,206,219,654,576,447,477,278,233,639,95,611,986,111,79,281,505,486,1069,98,355,688,358,528,893,766,96,735,40,853,1080,1034,414,697,359,12,675,186,190,933,571,795,748,69,470,67,1007,107,151,44,299,115,74,408,302,385,86,293,627,637,93,785,607,395,854,10,1002,189,690,156,557,341,1037,398,119,94,547,833,234,582,679,535,1057,13,478,243,583,515,410,712,1072,955,552,454,700,313,517,865,857,498,497,178,39,669,310,337,117,830
Semilla: 3539137532496692497
Costo: 0.30547184190435295, factible: false
Ciudades:
271,919,981,319,256,991,591,308,213,654,576,447,477,278,233,639,95,611,986,111,79,281,505,486,1069,98,355,688,358,528,563,885,159,254,413,957,717,872,587,332,206,219,830,117,337,865,517,313,700,454,552,955,1072,712,857,497,178,39,310,669,498,410,515,583,243,478,13,1057,535,679,582,234,833,547,94,119,398,1037,86,115,299,44,151,107,186,675,12,359,1007,190,933,571,795,748,69,470,67,40,735,96,896,492,614,1016,203,489,877,393,347,766,893,935,257,837,284,705,323,796,741,890,871,670,414,1034,1080,853,697,876,757,297,438,408,74,293,627,637,385,302,93,10,1002,189,690,156,557,341,854,395,607,785
Semilla: 7451488521089956297
Costo: 0.28404448977720936, factible: false
Ciudades:
408,74,115,299,44,151,107,12,359,1007,675,186,190,933,571,748,795,67,69,470,489,203,347,766,893,885,563,393,877,159,254,981,919,271,319,256,991,591,413,957,308,213,717,872,587,332,206,219,654,576,447,477,278,233,639,95,611,986,111,79,281,505,486,1069,98,355,688,358,528,935,257,837,284,705,323,896,1016,614,492,735,40,96,741,796,890,871,670,414,1034,1080,853,697,876,757,297,438,830,117,337,865,517,313,700,454,552,955,1072,712,857,497,178,39,310,669,498,410,515,583,243,478,13,1057,535,679,582,234,833,547,94,119,398,1037,341,395,607,785,557,156,690,189,1002,10,854,93,637,627,293,86,385,302
Semilla: 4263088832621635898
Costo: 0.3129163319544699, factible: false
Ciudades:
795,748,69,470,67,571,933,190,1007,359,12,675,186,107,151,44,299,115,74,408,438,297,757,876,697,670,796,705,284,837,935,257,323,741,890,871,414,1034,1080,853,96,40,735,492,896,614,1016,347,203,489,877,393,563,885,159,254,256,991,591,413,957,308,213,717,654,576,447,477,1069,98,355,688,358,486,505,281,79,111,986,278,233,639,95,611,302,385,86,293,627,637,93,785,607,395,854,10,1002,189,690,156,557,341,1037,398,119,94,547,234,582,679,535,13,478,243,515,498,410,583,1057,833,955,552,454,700,313,1072,517,865,712,857,497,178,39,669,310,337,117,830,219,206,332,872,587,319,981,919,271,766,893,528
Semilla: 6413693671590880967
Costo: 0.3309196790297032, factible: false
Ciudades:
341,557,156,690,189,1002,785,607,395,854,10,93,637,627,293,302,119,94,547,833,535,1057,583,410,498,515,243,478,13,679,582,234,398,1037,385,86,74,408,115,299,44,151,107,186,675,12,359,1007,190,933,571,795,748,69,470,67,40,735,96,1080,1034,853,697,297,438,757,876,670,414,871,890,741,796,323,705,284,837,257,935,766,347,1016,896,492,614,203,489,877,393,563,271,919,981,319,256,991,591,957,717,872,587,332,206,219,454,313,700,552,955,1072,517,865,712,857,497,178,39,669,310,337,117,830,79,111,986,611,95,639,233,278,477,447,576,654,213,308,413,254,159,885,893,528,358,688,355,98,1069,486,505,281
Semilla: 1029922382410294771
Costo: 0.29742812367466087, factible: false
Ciudades:
637,627,293,299,115,74,408,438,297,757,876,697,670,1080,96,735,40,67,470,69,748,795,571,933,190,186,675,12,107,44,151,359,1007,853,1034,414,871,890,741,796,323,705,284,837,257,935,766,563,885,159,254,591,991,256,319,981,919,271,877,393,489,203,614,492,896,1016,347,893,528,358,688,355,98,1069,486,505,281,79,111,986,611,95,639,233,278,477,447,576,654,872,206,219,332,587,717,213,308,957,413,830,117,337,310,669,39,178,497,498,515,243,478,13,679,582,234,535,1057,583,410,857,712,865,517,1072,313,700,454,552,955,833,547,94,119,398,1037,341,557,156,690,189,1002,785,607,395,854,10,93,302,385,86
Semilla: 2520188465012406906
Costo: 0.2922996640640174, factible: false
Ciudades:
611,95,639,233,278,986,111,79,281,505,486,358,688,355,98,1069,477,447,576,654,219,206,332,587,872,717,213,308,957,254,159,885,563,393,347,323,796,741,890,871,670,414,1034,1080,853,697,876,757,297,438,408,302,385,86,293,627,637,93,10,854,395,607,785,1002,189,690,156,557,341,1037,398,119,94,547,833,234,582,679,535,1057,13,478,243,583,515,410,498,497,857,712,1072,955,552,454,700,313,517,865,337,117,310,669,39,178,830,705,284,837,257,935,766,893,528,413,591,991,256,319,981,919,271,877,489,203,1016,614,492,896,96,735,40,67,470,69,748,795,571,933,190,186,675,1007,359,12,107,151,44,299,115,74
Semilla: 8830287093801401531
Costo: 0.28997053768480024, factible: true
Ciudades:
341,395,607,785,557,156,690,189,1002,10,854,93,637,627,293,74,408,115,299,44,12,933,571,795,748,190,186,675,359,438,297,757,876,697,853,1080,1034,414,670,871,890,741,796,323,705,284,837,935,257,96,40,735,492,896,614,1016,347,766,893,528,358,355,688,1069,486,505,281,79,111,986,611,95,639,233,278,477,98,447,576,654,219,206,332,587,872,717,213,308,957,413,591,991,256,319,271,919,981,254,159,885,563,393,877,203,489,470,69,67,1007,151,107,86,385,302,1037,398,119,94,547,833,234,582,679,535,1057,13,478,243,583,515,410,498,497,857,712,1072,955,552,454,700,313,517,865,337,117,310,669,39,178,830
Semilla: 5512864356922983496
Costo: 0.30585684393966434, factible: false
Ciudades:
86,385,302,341,557,156,690,189,1002,785,607,395,854,10,93,637,293,627,44,359,1007,190,748,795,571,933,186,675,12,107,151,299,115,74,408,438,297,757,876,697,670,414,853,1080,1034,890,871,796,741,96,735,40,67,69,470,489,203,877,271,919,981,319,256,991,587,332,219,206,872,654,717,213,308,957,413,591,254,159,885,563,393,893,766,347,1016,614,896,492,323,705,284,837,257,935,528,358,477,278,233,639,95,611,986,111,79,281,505,486,1069,98,688,355,447,576,454,313,700,552,955,1072,517,865,712,857,410,515,583,243,478,13,535,679,582,234,1037,398,119,94,547,833,1057,498,497,178,39,669,310,337,117,830
Semilla: 1488899115154406127
Costo: 0.31158199037055534, factible: false
Ciudades:
454,552,955,1072,700,313,517,712,865,337,117,310,669,39,178,497,857,498,830,563,885,159,254,981,919,271,319,256,991,591,413,447,576,654,206,219,332,872,587,717,213,308,957,877,393,347,896,492,1016,614,96,735,40,67,1007,359,44,151,107,12,675,186,190,933,571,795,748,69,470,489,203,766,893,355,688,98,1069,477,278,233,639,95,611,986,111,79,281,505,486,358,528,935,257,837,284,705,323,741,796,890,871,1080,853,1034,414,670,697,876,757,297,438,408,74,115,299,293,302,385,86,627,637,93,854,10,395,607,785,1002,189,690,156,557,341,1037,398,119,94,547,833,234,582,679,535,1057,13,243,478,583,515,410
Semilla: 363345002579922593
Costo: 0.28568052101911856, factible: false
Ciudades:
893,766,347,1016,896,492,614,203,489,877,393,563,885,159,254,981,919,271,319,256,991,591,413,957,308,213,717,872,587,332,206,219,654,576,447,477,278,233,639,95,611,986,111,79,281,505,486,1069,98,355,688,358,528,935,257,837,284,705,323,796,741,96,735,40,1080,890,871,670,414,1034,853,697,876,757,297,438,408,74,115,299,44,151,107,186,675,12,359,1007,190,933,571,795,748,69,470,67,830,117,337,310,669,39,178,497,498,515,243,478,13,679,582,234,535,1057,583,410,857,712,865,517,1072,313,700,454,552,955,833,547,94,119,398,1037,341,557,854,395,607,785,156,690,189,1002,10,93,637,627,293,86,385,302
Semilla: 1935331540686913159
Costo: 0.3080384667530643, factible: false
Ciudades:
454,700,313,517,865,337,117,310,669,39,178,497,857,712,1072,552,955,833,234,582,679,535,1057,13,478,243,583,515,410,498,830,219,206,332,587,872,213,308,957,413,591,254,159,885,563,766,893,528,935,257,837,284,96,40,735,492,896,1016,614,203,489,470,69,67,795,748,571,933,190,186,675,1007,359,12,107,151,44,627,293,637,93,10,854,395,607,785,1002,189,690,156,557,341,398,1037,547,94,119,302,385,86,115,299,74,408,438,297,757,876,697,670,414,853,1080,1034,871,890,741,796,705,323,347,393,877,271,919,981,319,256,991,717,654,576,447,477,1069,98,355,688,358,486,505,281,79,111,986,278,233,639,95,611
Semilla: 7616092583905387006
Costo: 0.2975232500937419, factible: false
Ciudades:
341,557,156,690,189,1002,785,607,395,854,10,93,637,627,293,86,385,302,408,74,115,299,44,151,107,12,1007,67,492,393,877,271,919,981,319,256,991,254,591,413,957,308,213,717,872,587,332,206,219,654,576,447,477,278,233,639,95,611,986,111,79,281,505,486,1069,98,355,688,358,528,159,885,563,766,893,935,257,837,284,705,323,796,741,890,871,1034,1080,853,414,670,697,876,757,297,438,359,675,186,190,933,571,795,748,69,470,489,203,347,1016,614,896,96,735,40,830,117,337,310,669,39,178,497,498,515,410,857,712,865,517,313,700,454,552,955,1072,583,243,478,13,1057,535,679,582,234,1037,398,119,94,547,833
Semilla: 7006445523182803218
Costo: 0.30928060083131215, factible: false
Ciudades:
40,735,96,896,1016,347,766,893,257,284,837,935,528,563,885,159,254,981,319,256,991,587,872,332,206,219,830,117,337,865,517,313,700,454,552,234,582,679,535,1057,13,478,243,583,515,410,498,669,310,39,178,497,857,712,1072,955,833,547,94,119,398,1037,341,557,156,690,189,1002,785,607,395,854,10,93,637,627,302,385,86,293,299,115,74,408,438,876,670,871,796,705,323,741,890,414,1034,1080,853,697,757,297,359,151,44,107,12,675,186,1007,190,933,571,795,748,69,470,67,492,614,203,489,393,877,271,919,591,413,957,308,213,717,654,576,447,477,1069,98,355,688,358,486,505,281,79,111,986,278,233,639,95,611
Semilla: 7659551728127280471
Costo: 0.3058455688147848, factible: false
Ciudades:
117,337,865,517,313,700,454,552,955,1072,712,857,410,583,13,535,679,582,234,1037,398,119,94,547,833,1057,478,243,515,498,497,669,310,39,178,830,871,890,1034,414,670,697,876,757,297,438,408,74,86,385,302,10,607,785,1002,189,690,156,557,341,395,854,93,637,627,293,299,115,44,151,107,12,359,1007,675,186,190,933,571,795,748,69,470,67,40,735,492,614,203,489,393,877,271,919,256,991,591,413,957,308,213,654,576,447,477,278,233,639,95,611,986,111,79,281,505,486,1069,98,355,688,358,528,935,257,837,284,705,323,796,741,1080,853,96,896,1016,347,766,893,563,885,159,254,981,319,717,872,587,332,206,219
Semilla: 660069025562888278
Costo: 0.29906245076098115, factible: false
Ciudades:
795,748,69,470,489,203,1016,614,492,735,40,67,571,933,190,1007,359,12,675,186,107,151,44,299,115,74,757,876,297,438,408,302,385,86,293,627,637,93,10,854,395,607,785,1002,189,690,156,557,341,1037,398,119,94,547,833,234,582,679,535,1057,13,478,243,583,515,410,498,669,310,39,178,497,857,712,1072,955,552,454,700,313,517,865,337,117,830,611,95,639,233,278,986,111,79,281,505,486,358,355,688,98,1069,477,447,576,654,717,213,308,957,413,591,254,159,885,563,528,935,257,837,284,705,323,796,741,890,871,1034,1080,414,670,697,853,96,896,347,893,766,393,877,271,919,981,319,256,991,587,872,332,206,219
Semilla: 1063189785546581266
Costo: 0.32625937497392704, factible: false
Ciudades:
587,332,206,219,857,712,865,517,1072,313,700,454,552,955,833,119,302,385,86,293,627,637,93,785,607,395,854,10,1002,189,690,156,557,341,1037,398,94,547,234,582,679,535,1057,13,478,243,583,515,410,498,497,178,39,669,310,337,117,830,853,414,670,697,876,757,297,438,408,74,115,299,44,151,107,190,748,795,571,933,186,675,12,359,1007,67,69,470,735,40,96,896,492,614,1016,203,489,877,393,563,271,919,981,319,256,991,591,413,308,358,688,355,98,1069,486,505,281,79,111,986,611,95,639,233,278,477,447,576,654,872,717,213,957,254,159,885,528,893,766,347,935,257,837,284,705,323,1080,1034,871,890,741,796
Semilla: 8137569187122091551
Costo: 0.29323117608847166, factible: false
Ciudades:
611,95,639,233,278,986,111,79,281,505,486,358,688,355,98,1069,477,447,576,654,219,206,332,587,872,717,213,308,957,413,591,991,256,319,271,919,981,254,159,528,935,257,837,284,705,323,796,741,96,735,40,1080,890,871,670,414,1034,853,697,876,757,297,438,408,74,115,299,293,86,385,302,627,637,93,10,854,395,607,785,1002,189,690,156,557,341,1037,398,119,94,547,833,234,582,679,535,13,478,243,1057,712,1072,955,552,454,700,313,517,865,857,410,583,515,498,497,178,39,669,310,337,117,830,877,393,563,885,893,766,347,1016,896,492,614,203,489,470,69,67,795,748,571,1007,359,151,44,107,12,675,186,190,933
Semilla: 379089794113511369
Costo: 0.304235698834356, factible: false
Ciudades:
933,190,186,675,12,107,151,44,299,115,74,408,302,385,86,293,627,637,93,10,854,395,607,785,1002,189,690,156,557,341,1037,398,119,94,547,833,234,582,679,535,1057,13,478,243,583,515,410,857,712,1072,955,552,454,700,313,517,865,337,117,310,669,39,178,497,498,830,359,1007,571,795,748,69,470,67,40,735,96,741,796,871,890,1034,414,670,876,757,438,297,697,853,1080,492,896,1016,614,203,489,393,877,271,919,256,991,591,413,957,308,213,717,872,587,319,981,254,159,885,563,893,766,347,323,705,284,837,257,935,528,358,477,278,233,639,95,611,986,111,79,281,505,486,1069,98,688,355,447,576,654,219,206,332
Semilla: 1424988896236714831
Costo: 0.2916508524813675, factible: false
Ciudades:
795,748,571,933,190,186,675,12,107,151,44,299,115,359,1007,67,69,470,489,203,877,271,919,981,319,256,991,591,413,957,308,213,654,576,447,477,278,233,639,95,611,986,111,79,281,505,486,1069,98,355,688,358,528,885,563,766,893,935,257,837,284,705,323,796,741,890,871,1034,414,670,830,117,337,865,517,313,700,454,552,955,1072,712,857,497,178,39,310,669,498,410,515,583,243,478,13,1057,535,679,582,234,833,547,94,119,398,1037,341,557,156,690,189,1002,785,607,395,854,10,93,637,627,293,302,385,86,74,408,438,297,757,876,697,853,1080,40,735,96,896,492,614,1016,347,393,159,254,717,872,587,332,206,219
Semilla: 1888617884649180871
Costo: 0.29601140598584313, factible: false
Ciudades:
611,95,639,233,278,986,111,79,281,505,486,1069,477,98,355,688,358,528,893,766,347,489,203,1016,614,492,896,96,735,40,67,470,69,748,795,571,933,190,1007,186,675,12,107,151,44,627,293,86,385,302,637,93,10,854,395,607,785,1002,189,690,156,557,341,1037,398,119,94,547,833,955,552,454,700,313,1072,234,582,679,535,1057,13,478,243,583,515,410,498,669,310,39,178,497,857,712,517,865,337,117,830,408,74,115,299,359,438,297,757,876,697,670,414,853,1080,1034,871,890,741,796,323,705,284,837,257,935,885,563,393,877,159,254,981,919,271,319,256,991,591,413,957,308,213,717,872,587,332,206,219,654,576,447
Semilla: 1342855391499681269
Costo: 0.3161833403019089, factible: false
Ciudades:
712,857,497,669,39,310,117,337,865,517,1072,313,700,454,552,955,833,547,94,398,234,582,679,535,1057,13,478,243,583,515,410,498,178,830,741,323,257,893,766,563,885,159,254,919,271,877,393,347,1016,203,614,492,896,96,853,1080,1034,414,670,871,890,796,705,284,837,935,528,358,688,355,98,1069,486,505,281,79,111,986,611,95,639,233,278,477,447,576,654,219,206,332,587,872,717,213,308,957,413,591,991,256,319,981,489,470,69,748,795,571,67,735,40,697,876,757,297,438,359,1007,190,933,186,675,12,107,151,44,299,115,74,408,302,385,86,293,627,637,93,785,607,395,854,10,1002,189,690,156,557,341,1037,119
Semilla: 4941692026346439301
Costo: 0.32355284303815257, factible: false
Ciudades:
611,95,639,233,278,477,1069,98,355,688,358,486,505,281,79,111,986,337,117,310,669,39,857,712,865,517,1072,313,700,454,552,955,833,547,94,119,398,1037,234,582,679,535,1057,13,478,243,583,515,410,498,497,178,830,489,203,347,766,893,885,563,393,877,159,254,981,919,271,319,256,991,591,413,957,308,213,717,872,587,332,206,219,654,576,447,528,1016,614,896,492,323,741,890,1034,1080,853,697,297,438,757,876,670,414,871,796,705,284,837,935,257,96,735,40,67,470,69,748,795,571,933,190,1007,359,12,675,186,107,151,44,299,115,74,408,302,385,86,293,627,637,93,10,1002,189,690,156,785,607,395,854,557,341
Semilla: 833932152154805711
Costo: 0.29317822120875225, factible: false
Ciudades:
877,393,489,203,1016,614,492,896,96,735,40,853,876,757,297,438,408,74,115,299,302,385,86,293,627,637,93,10,854,395,607,785,1002,189,690,156,557,341,1037,398,119,94,547,833,955,552,454,700,313,1072,517,865,712,857,1057,535,234,582,679,13,478,243,583,515,410,498,497,178,39,669,310,337,117,830,219,206,332,587,872,447,355,358,688,98,1069,486,505,281,79,111,986,611,95,639,233,278,477,576,654,717,213,308,957,413,591,991,256,319,981,271,919,254,159,885,563,347,766,893,528,935,257,837,284,705,323,796,741,890,871,1080,1034,414,670,697,359,151,44,107,12,675,186,933,190,1007,67,470,69,571,748,795
Semilla: 2797125377623285664
Costo: 0.29679033064438115, factible: true
Ciudades:
86,293,627,637,93,10,854,395,607,785,1002,189,690,156,557,341,1037,398,234,582,679,535,583,410,857,712,1072,955,552,454,700,313,517,865,337,117,830,178,39,669,310,497,498,515,243,478,13,1057,833,547,94,119,302,385,299,115,74,408,438,297,757,876,697,670,414,853,1080,1034,871,890,741,796,705,284,837,935,257,323,492,203,489,877,393,563,885,159,254,413,308,957,591,991,256,319,981,271,919,470,69,748,795,571,933,107,44,151,359,12,675,186,190,1007,67,40,735,96,896,614,1016,347,766,893,528,213,717,872,587,332,206,219,654,576,447,477,1069,688,98,355,358,486,505,281,111,79,986,278,233,639,95,611
Semilla: 4143723655564658710
Costo: 0.31038388351408, factible: false
Ciudades:
341,557,156,690,189,1002,785,607,395,854,10,93,637,627,293,86,385,299,115,74,408,438,297,757,876,697,670,414,853,96,896,492,735,40,1080,1034,871,890,741,796,323,705,284,837,257,935,528,358,688,355,98,1069,486,505,281,79,111,986,611,95,639,233,278,477,447,576,654,213,308,957,413,591,717,872,587,332,206,219,830,117,337,310,669,497,498,178,39,857,712,865,517,313,700,454,552,955,1072,410,515,583,243,478,13,1057,535,679,582,234,833,547,94,119,398,1037,302,44,151,107,186,675,12,359,1007,190,933,571,748,795,67,69,470,489,203,614,1016,347,766,893,885,563,393,877,159,254,981,919,271,319,256,991
Semilla: 2901119439121592740
Costo: 0.2986647356662741, factible: false
Ciudades:
219,206,332,587,872,654,576,1069,98,688,355,358,486,505,281,111,79,986,611,95,639,233,278,477,447,717,213,308,957,413,591,991,256,319,271,919,981,254,159,885,563,393,877,347,766,893,528,935,257,837,284,705,323,796,741,890,871,670,414,1034,1080,853,40,735,96,896,492,1016,614,203,489,470,69,67,795,748,571,933,190,1007,359,12,675,186,107,151,44,299,115,438,297,757,876,697,830,117,337,865,712,517,1072,700,313,454,552,955,833,547,94,119,398,1057,583,410,857,310,669,39,178,497,498,515,243,478,13,535,679,582,234,1037,341,557,156,690,189,1002,785,607,395,854,10,93,637,293,627,302,385,86,74,408
Semilla: 358352531292318826
Costo: 0.289158224125919, factible: false
Ciudades:
1007,67,40,735,96,853,1080,1034,414,871,670,697,876,757,297,438,830,117,337,865,517,313,700,454,552,955,1072,712,857,497,178,39,310,669,498,410,515,583,243,478,13,1057,535,679,582,234,833,547,94,119,398,1037,341,557,156,690,189,1002,785,607,395,854,10,93,637,627,293,86,385,302,408,74,115,299,44,151,107,359,12,675,186,190,933,571,795,748,69,470,489,203,614,492,896,1016,347,766,893,885,563,393,877,159,254,981,919,271,319,256,991,591,413,957,308,213,717,872,587,332,206,219,654,576,447,355,688,98,1069,486,505,281,79,111,986,611,95,639,233,278,477,358,528,935,257,837,284,705,323,796,741,890
Semilla: 5721831836080270095
Costo: 0.32243252667029565, factible: false
Ciudades:
795,748,571,933,190,186,675,359,115,74,408,438,297,757,876,697,670,414,871,890,741,796,323,705,284,837,257,935,766,893,528,159,254,591,413,957,308,213,991,256,319,981,919,271,877,393,347,1016,614,492,896,96,735,40,853,1080,1034,337,117,310,669,39,410,515,583,243,478,13,1057,535,679,582,234,833,547,94,119,398,1037,341,557,395,854,10,1002,189,156,690,785,607,93,637,627,302,385,86,293,299,44,151,107,12,1007,67,69,470,489,203,563,885,717,587,332,219,206,872,654,576,447,477,1069,98,355,688,358,486,505,281,79,111,986,278,233,639,95,611,830,178,497,498,857,712,865,517,1072,955,552,700,313,454
Semilla: 2629768308408861280
Costo: 0.2919598465836257, factible: false
Ciudades:
438,408,115,299,44,151,107,186,675,12,359,1007,190,933,571,795,748,69,470,67,40,735,96,896,1016,347,766,893,528,935,257,837,284,705,323,796,741,890,871,670,414,1034,1080,853,697,876,757,297,74,86,385,302,293,627,637,93,10,854,395,607,785,1002,189,690,156,557,341,1037,398,119,94,547,833,234,582,679,535,1057,13,478,243,583,515,410,498,497,857,712,1072,955,552,454,700,313,517,865,337,117,310,669,39,178,830,219,206,332,587,872,654,576,477,278,233,639,95,611,986,111,79,281,505,486,1069,98,688,358,355,447,717,213,308,957,413,591,991,256,319,981,271,919,254,159,885,563,393,877,489,203,614,492
Semilla: 687429224036504468
Costo: 0.2935375787982227, factible: false
Ciudades:
795,748,571,67,69,470,489,203,563,885,159,308,447,576,477,278,233,639,95,611,986,111,79,281,505,486,1069,98,355,688,358,528,893,766,935,257,837,284,705,323,796,741,890,871,670,414,1034,1080,853,697,876,757,297,438,359,1007,190,933,186,675,12,107,151,44,299,115,74,408,302,385,86,293,627,637,93,785,607,395,854,10,1002,189,690,156,557,341,1037,398,119,94,547,833,234,582,679,535,1057,13,478,243,583,515,410,498,497,117,337,865,517,313,700,454,552,955,1072,712,857,669,310,39,178,830,40,735,96,896,492,614,1016,347,393,877,271,919,981,319,256,991,254,591,413,957,213,717,654,872,587,332,206,219
Semilla: 6705607054558330754
Costo: 0.2975785348235456, factible: false
Ciudades:
627,293,86,385,302,637,93,10,854,395,607,785,1002,189,690,156,557,341,1037,398,119,94,547,833,234,582,679,535,1057,13,478,243,583,1072,955,552,454,700,313,517,865,712,857,410,515,498,497,178,39,669,310,337,117,830,271,919,256,319,981,159,885,563,393,877,347,1016,896,96,735,40,853,1080,1034,414,871,890,741,323,492,614,203,489,470,69,67,795,748,571,933,190,1007,359,12,675,186,107,151,44,299,115,74,408,438,297,757,876,697,670,796,705,284,837,257,935,766,893,528,358,278,233,639,95,611,986,111,79,281,505,486,1069,688,355,98,477,447,576,654,872,206,219,332,587,717,213,308,957,413,591,991,254
Semilla: 2644851858019039094
Costo: 0.34541239272451607, factible: false
Ciudades:
86,385,302,299,44,151,107,933,190,186,675,12,359,115,74,408,438,297,757,876,697,670,414,871,890,1034,1080,853,96,40,735,1007,795,748,571,67,69,470,489,203,614,492,896,1016,347,766,893,234,582,679,535,1057,13,478,243,583,515,178,39,310,669,497,498,410,857,712,1072,313,700,955,552,454,447,576,477,278,233,639,95,611,986,79,111,486,505,281,1069,98,355,688,358,528,935,257,837,284,705,796,741,323,877,393,563,885,159,254,981,919,271,319,256,991,591,413,957,308,213,717,654,872,587,332,206,219,293,627,637,93,10,854,395,607,785,1002,189,690,156,557,341,1037,398,119,94,547,833,517,865,337,117,830
Semilla: 8995265788952991564
Costo: 0.29355928036221024, factible: false
Ciudades:
795,748,571,69,470,67,40,735,96,741,796,323,705,284,837,257,935,528,358,688,355,98,1069,486,505,281,79,111,986,611,95,639,233,278,477,830,117,337,310,669,39,178,497,498,515,583,410,857,865,517,313,700,454,552,955,1072,712,1057,243,478,13,535,679,582,234,833,547,94,119,398,1037,341,557,395,854,10,1002,189,690,156,785,607,93,637,627,293,86,385,302,408,74,115,299,44,151,107,12,675,186,933,190,1007,359,438,297,757,876,697,853,1034,414,670,871,890,1080,492,896,1016,614,203,489,347,766,893,885,563,393,877,159,254,981,919,271,319,256,991,591,413,957,308,213,717,447,576,654,872,587,332,206,219
Semilla: 8464444287552331927
Costo: 0.3058134951955938, factible: false
Ciudades:
830,178,39,669,497,498,410,515,583,243,478,13,1057,535,679,582,234,547,833,955,552,454,700,313,1072,517,865,712,857,310,117,337,219,206,332,587,872,717,957,413,308,213,654,576,447,477,98,355,688,1069,486,505,281,79,111,986,611,95,639,233,278,358,528,893,766,935,257,837,284,705,323,492,896,614,203,489,470,69,67,795,748,571,933,190,186,675,1007,359,12,107,151,44,115,299,293,627,637,93,10,854,395,607,785,1002,189,690,156,557,341,1037,398,94,119,302,385,86,74,408,438,297,757,876,697,670,414,853,1080,1034,890,871,796,741,40,735,96,1016,347,877,393,563,885,159,254,981,919,271,319,256,991,591
Semilla: 7918332360686986795
Costo: 0.3106167703033385, factible: false
Ciudades:
611,95,639,233,278,986,111,79,281,505,486,358,688,355,98,1069,477,447,576,654,219,206,332,587,872,717,213,308,957,413,591,991,256,319,271,919,981,254,159,877,393,563,885,766,893,528,935,257,837,284,705,323,796,741,890,871,670,414,1034,1080,853,697,876,757,297,438,408,74,115,627,637,93,854,395,341,557,156,690,189,1002,785,607,10,293,299,44,151,359,830,178,497,669,39,310,117,337,865,517,313,700,454,552,955,1072,712,857,498,410,515,583,243,478,13,1057,535,679,582,234,833,547,94,119,398,1037,302,385,86,107,12,675,186,933,190,1007,67,40,735,96,896,492,614,1016,347,203,489,470,69,571,748,795
Semilla: 8380717184694329475
Costo: 0.28836089574907076, factible: false
Ciudades:
830,117,337,454,552,94,547,833,955,1072,700,313,517,865,712,857,497,178,39,310,669,498,410,515,583,243,478,13,1057,535,679,582,234,398,1037,341,395,607,785,557,156,690,189,1002,10,854,93,637,627,293,86,385,302,119,219,206,332,587,872,654,576,477,278,233,639,95,611,986,111,79,281,505,486,1069,98,688,358,355,447,717,213,308,957,413,591,991,256,319,271,919,981,254,159,885,563,393,877,489,203,347,1016,614,492,896,96,735,40,67,470,69,748,795,571,933,190,1007,359,12,675,186,107,151,44,299,115,74,408,438,297,757,876,697,670,414,853,1080,1034,871,890,741,796,323,705,284,837,257,935,766,893,528
Semilla: 6032347606592091366
Costo: 0.30431286812838754, factible: false
Ciudades:
637,627,293,477,278,233,639,95,611,986,111,79,281,505,486,1069,98,355,688,358,528,893,766,347,489,203,1016,614,492,896,96,735,40,67,470,69,748,795,571,933,190,186,675,1007,359,12,107,151,44,299,115,74,408,438,297,757,876,697,853,1080,1034,414,670,871,890,741,796,323,705,284,837,257,935,885,563,393,877,159,254,919,271,981,319,256,991,591,413,957,308,213,717,447,576,654,872,587,332,206,219,830,178,39,669,310,117,337,865,517,313,700,454,552,955,1072,712,857,497,498,410,515,583,243,478,13,1057,535,679,582,234,833,547,94,119,398,1037,302,385,86,93,10,854,395,607,785,1002,189,690,156,557,341
Semilla: 8518416935435933061
Costo: 0.2717133645612788, factible: true
Ciudades:
830,117,337,310,669,39,178,497,498,515,583,410,857,712,865,517,1072,313,700,454,552,955,833,1057,243,478,13,535,679,582,234,547,94,119,398,1037,341,557,854,395,607,785,156,690,189,1002,10,93,637,627,293,86,385,302,408,74,115,299,44,151,107,12,675,186,190,1007,359,438,297,757,876,697,670,414,853,1080,1034,871,890,741,796,323,705,284,837,257,935,766,893,528,213,717,872,587,332,206,219,654,576,447,477,278,233,639,95,611,986,111,79,281,505,486,1069,98,355,688,358,308,957,413,591,991,256,319,271,919,981,254,159,885,563,393,877,489,203,347,1016,614,492,896,96,735,40,67,470,69,933,571,748,795
Semilla: 1548668275094436379
Costo: 0.2923137360473365, factible: true
Ciudades:
795,748,571,69,470,67,40,735,96,896,492,614,1016,203,489,347,766,893,885,563,393,877,159,254,981,919,271,319,256,991,591,413,957,308,358,355,688,98,1069,486,505,281,79,111,986,611,95,639,233,278,477,447,576,654,219,206,332,587,872,717,213,528,935,257,837,284,705,323,796,741,890,871,670,414,1034,1080,853,697,876,757,297,438,359,1007,190,933,186,675,12,107,151,44,299,115,74,408,302,385,86,293,627,637,93,854,10,785,607,395,1037,398,833,955,552,454,700,313,1072,517,712,865,337,117,830,498,669,310,39,178,497,857,410,515,583,243,478,13,1057,535,679,582,234,547,94,119,341,557,156,690,189,1002
Semilla: 5319124282217896331
Costo: 0.2956532623580862, factible: false
Ciudades:
219,206,332,872,587,319,256,991,591,413,957,308,213,717,654,576,447,477,278,233,639,95,611,986,111,79,281,505,486,1069,98,355,688,358,528,563,885,159,254,981,919,271,877,393,489,203,614,492,896,1016,347,766,893,935,257,837,284,705,323,796,741,890,871,670,876,757,297,438,408,302,385,86,293,627,637,93,854,10,1002,189,690,156,557,785,607,395,341,1037,398,119,94,547,833,955,552,454,700,313,1072,517,712,865,337,117,310,669,39,178,497,857,410,583,1057,535,234,582,679,13,478,243,515,498,830,74,115,299,44,151,107,12,359,1007,675,186,190,933,571,795,748,69,470,67,40,735,96,1080,1034,414,853,697
Semilla: 7883653230486198618
Costo: 0.3202062209714459, factible: false
Ciudades:
830,117,337,310,669,39,178,497,857,712,865,517,1072,313,700,454,552,955,833,547,94,234,582,679,535,13,478,243,515,498,410,583,1057,438,297,757,876,697,670,414,853,1080,1034,871,890,741,796,323,705,284,837,935,257,1016,614,492,896,96,735,40,67,470,69,748,795,571,933,190,1007,359,12,675,186,107,151,44,299,115,74,408,302,385,86,293,627,637,93,10,1002,189,690,156,785,607,395,854,557,341,1037,398,119,489,203,347,563,885,159,254,957,308,213,717,587,332,219,206,872,654,576,447,477,98,355,688,1069,486,505,281,79,111,986,611,95,639,233,278,358,528,893,766,393,877,271,919,981,319,256,991,591,413
Semilla: 5802546568004908263
Costo: 0.3238877454080818, factible: false
Ciudades:
337,117,310,669,39,178,497,857,410,583,1057,712,865,517,1072,313,700,454,552,955,833,547,94,119,302,408,438,297,757,876,697,40,735,96,896,1016,614,203,489,492,323,741,796,705,284,837,257,935,528,893,766,347,877,393,563,885,159,254,981,319,256,991,591,413,957,308,213,717,355,358,688,98,1069,486,505,281,79,111,986,611,95,639,233,278,477,447,576,654,872,587,206,219,332,271,919,470,69,67,795,748,571,933,190,1007,359,12,675,186,107,151,44,299,115,74,86,385,293,627,637,93,10,854,395,607,785,1002,189,690,156,557,341,1037,398,234,582,679,535,13,478,243,515,498,830,871,890,1034,1080,853,414,670
Semilla: 1593138646227144042
Costo: 0.3199446906067997, factible: false
Ciudades:
796,741,323,705,284,837,257,935,563,885,159,254,319,981,919,271,877,393,489,203,614,492,896,1016,347,766,893,528,358,355,688,1069,486,505,281,79,111,986,611,95,639,233,278,477,98,447,576,654,717,213,308,957,413,591,991,256,872,587,332,206,219,341,557,156,690,189,1002,785,607,395,854,10,93,637,627,293,86,385,302,1037,398,119,94,547,234,582,833,955,552,454,700,313,1072,517,712,865,337,117,310,669,39,178,497,857,410,1057,535,679,13,478,243,583,515,498,830,876,757,297,438,408,74,115,299,44,151,107,186,675,12,359,1007,190,933,571,795,748,69,470,67,40,735,96,1080,853,697,670,414,1034,890,871
Semilla: 6459239494405875028
Costo: 0.3047529380846177, factible: false
Ciudades:
795,748,571,933,190,186,675,107,293,627,637,607,785,1002,189,690,156,557,341,395,854,10,93,302,385,86,74,408,115,299,44,151,12,1007,359,438,297,757,876,697,853,1080,1034,414,670,871,890,741,796,323,705,284,837,257,935,528,893,766,563,885,159,254,591,413,957,308,213,717,477,278,233,639,95,611,986,111,79,281,505,486,1069,98,688,358,355,447,576,654,872,206,219,332,587,991,256,319,981,919,271,877,393,347,1016,614,492,896,96,735,40,67,69,470,489,203,830,498,410,515,583,243,478,13,1057,535,679,582,234,1037,398,119,94,547,833,955,552,454,700,313,1072,517,865,337,117,310,669,39,178,497,857,712
Semilla: 4920776491602034309
Costo: 0.3264204560642895, factible: false
Ciudades:
219,206,332,587,872,830,117,337,310,669,39,178,497,498,410,515,583,243,478,13,1057,535,679,582,234,547,1037,398,119,94,833,955,552,454,700,313,1072,517,865,712,857,1069,486,505,281,79,111,986,611,95,639,233,278,477,98,355,688,358,528,1016,96,1007,359,299,44,151,107,12,675,186,190,933,571,795,748,69,470,67,40,735,492,896,614,203,489,877,254,981,919,271,319,256,991,591,413,957,308,213,717,654,576,447,159,885,563,393,347,766,893,935,257,837,284,705,323,796,741,890,871,670,414,1034,1080,853,697,876,757,297,438,408,74,115,627,637,293,86,385,302,93,10,854,395,607,785,1002,189,690,156,557,341
Semilla: 8564762076548717291
Costo: 0.3150543508842741, factible: false
Ciudades:
117,337,865,517,313,700,454,552,955,1072,712,857,497,178,39,669,310,705,284,837,257,935,528,413,957,308,213,717,872,587,332,206,219,654,576,477,278,233,639,95,611,986,111,79,281,505,486,1069,98,688,358,355,447,591,991,256,319,271,919,981,254,159,885,563,393,877,489,470,735,40,96,896,492,614,203,1016,347,766,893,323,796,741,890,871,1034,1080,853,414,670,697,876,757,359,190,933,571,795,748,69,67,1007,186,675,12,107,151,44,299,115,408,438,297,74,86,385,302,293,627,637,93,10,854,395,607,785,1002,189,690,156,557,341,1037,398,119,94,547,833,234,582,679,535,1057,13,478,243,583,515,410,498,830
Semilla: 8300833165627079093
Costo: 0.28431179235201354, factible: true
Ciudades:
79,111,986,611,95,639,233,278,281,505,486,1069,477,98,355,688,358,528,885,563,393,877,159,254,919,271,981,319,256,991,591,413,957,213,717,587,332,219,206,872,654,576,447,308,489,203,614,492,896,1016,347,766,893,935,257,837,284,705,323,796,741,890,871,670,414,1034,1080,853,96,735,40,67,470,69,748,795,571,933,190,1007,186,675,12,107,44,151,359,697,876,757,297,438,408,74,115,299,293,86,385,302,627,637,93,607,785,156,690,189,1002,10,854,395,557,341,1037,398,119,94,547,833,234,582,679,535,1057,13,478,243,583,515,498,410,712,1072,955,552,454,700,313,517,865,857,497,178,39,669,310,337,117,830
Semilla: 5710140149738923774
Costo: 0.3073388690572569, factible: false
Ciudades:
830,117,337,865,517,313,700,454,552,955,833,547,94,119,398,1037,234,582,679,535,1057,13,478,243,583,515,410,498,669,310,39,178,497,857,712,1072,213,717,872,587,332,206,219,654,576,447,98,477,278,233,639,95,611,986,111,79,281,505,486,1069,688,355,358,528,254,159,885,563,393,877,489,203,614,1016,347,766,893,935,257,837,284,705,323,796,741,890,871,670,414,1034,1080,853,697,876,757,297,438,408,74,293,627,637,93,854,395,607,785,1002,189,690,156,557,341,10,302,385,86,115,299,44,151,107,12,359,1007,675,186,190,933,571,795,748,69,470,67,40,735,96,896,492,271,919,981,591,413,308,957,991,256,319
Semilla: 6300398745946013727
Costo: 0.28185685038508834, factible: true
Ciudades:
535,679,582,234,398,1037,341,557,156,690,189,1002,785,607,395,10,854,93,637,627,293,299,44,151,107,186,675,12,359,1007,190,933,571,795,748,69,470,67,40,735,96,741,796,705,284,837,257,935,766,893,528,358,477,278,233,639,95,611,986,111,79,281,505,486,1069,98,688,355,447,576,654,206,219,332,587,872,717,213,308,957,413,591,991,256,319,271,919,981,254,159,885,563,393,877,489,203,614,896,492,1016,347,323,871,890,1034,1080,853,414,670,697,876,757,297,438,408,74,115,86,385,302,119,94,547,833,955,552,454,313,700,1072,517,865,712,857,410,583,1057,13,478,243,515,498,497,178,39,669,310,337,117,830
Semilla: 4428244854286676732
Costo: 0.28889625881715686, factible: false
Ciudades:
438,297,757,876,697,670,414,853,1080,1034,871,890,741,796,323,705,284,837,257,935,528,893,766,347,489,203,1016,614,492,896,96,735,40,67,470,69,748,795,571,933,190,1007,359,12,675,186,107,151,44,299,115,74,408,302,385,86,293,627,637,93,10,1002,189,690,156,785,607,395,854,557,341,1037,398,119,94,547,535,1057,243,478,13,679,582,234,833,955,552,454,700,313,1072,517,865,712,857,410,583,515,498,497,178,39,669,310,337,117,830,219,206,332,587,872,256,991,319,981,919,271,877,393,563,885,159,254,591,413,957,308,213,717,654,576,447,477,1069,98,355,688,358,486,505,281,79,111,986,278,233,639,95,611
Semilla: 8693143327214537527
Costo: 0.30143715641520424, factible: false
Ciudades:
398,119,94,547,833,955,552,454,700,313,1072,517,865,712,857,410,583,1057,535,234,582,679,13,478,243,515,498,497,178,39,669,310,337,117,830,935,257,837,284,705,323,741,796,871,890,1080,492,896,614,1016,347,766,893,528,358,688,355,98,1069,486,505,281,79,111,986,611,95,639,233,278,477,447,576,654,219,206,332,587,872,717,213,308,957,413,591,991,256,319,271,919,981,254,159,885,563,393,877,203,489,470,69,67,40,735,96,853,1034,414,670,697,876,757,297,438,408,74,293,627,637,302,93,10,854,395,607,785,1002,189,690,156,557,341,1037,385,86,115,299,44,151,107,12,359,1007,675,186,190,933,571,748,795
Semilla: 8557801247233106090
Costo: 0.29272735612618905, factible: false
Ciudades:
795,748,571,933,190,186,675,12,107,44,151,359,1007,67,69,470,735,40,96,896,492,1016,614,203,489,347,766,893,257,935,528,885,563,393,877,159,254,919,271,981,319,256,991,591,413,957,308,717,213,278,233,639,95,611,986,111,79,281,505,486,358,688,355,98,1069,477,447,576,654,872,587,332,206,219,830,117,337,310,669,39,178,497,498,515,243,478,13,535,582,234,679,1057,583,410,857,712,865,517,313,1072,700,454,552,955,833,547,94,119,398,1037,341,557,156,690,189,1002,785,607,395,854,10,93,637,627,302,385,86,293,299,115,74,408,438,297,757,876,697,853,1080,1034,414,670,871,890,741,796,323,705,284,837
Semilla: 7526071337443833297
Costo: 0.2928140351448844, factible: false
Ciudades:
74,408,438,297,757,876,697,670,414,853,1080,1034,871,890,741,796,323,705,284,837,830,117,337,865,517,313,700,454,552,955,1072,712,857,497,178,39,310,669,498,410,515,583,243,478,13,1057,535,679,582,234,833,547,94,119,398,1037,341,557,156,690,189,1002,785,607,395,854,10,93,637,627,302,385,86,293,299,115,44,151,107,359,12,675,186,190,933,571,795,748,69,470,67,1007,40,735,96,896,492,614,1016,203,489,347,766,893,257,935,528,885,563,393,877,159,254,981,919,271,319,256,991,591,413,957,308,213,717,872,587,332,206,219,654,576,447,477,1069,98,355,688,358,486,505,281,79,111,986,278,233,639,95,611
Semilla: 6567126211098919269
Costo: 0.2991007770239303, factible: false
Ciudades:
358,688,355,98,1069,486,505,281,79,111,986,611,95,639,233,278,477,447,576,654,213,308,957,413,591,528,893,766,347,935,257,837,284,705,323,796,741,890,871,670,414,1034,1080,853,697,876,757,297,438,408,74,293,627,637,93,302,385,86,115,299,44,151,107,12,359,1007,675,186,190,933,571,795,748,69,470,67,40,735,96,896,492,614,1016,203,489,877,393,563,885,159,254,981,919,271,319,256,991,717,872,587,332,206,219,1002,10,854,395,607,785,690,189,156,557,341,1037,398,119,94,547,535,1057,583,410,515,243,478,13,679,582,234,833,955,552,454,700,313,1072,517,865,712,857,498,497,178,39,669,310,337,117,830
Semilla: 5325780556656823755
Costo: 0.314455367075955, factible: false
Ciudades:
156,690,189,1002,10,293,627,637,93,854,395,607,785,557,341,582,234,679,535,1057,13,478,243,583,515,410,498,497,669,857,712,957,413,591,991,256,319,271,919,981,254,159,885,563,393,877,203,489,470,69,748,795,571,67,40,735,96,896,492,614,1016,347,766,893,528,358,355,688,1069,486,505,281,79,111,986,611,95,639,233,278,477,98,447,576,654,219,206,332,587,872,717,213,308,257,935,837,284,705,323,796,741,890,871,670,414,1034,1080,853,697,876,757,297,438,359,1007,190,933,186,675,12,107,151,44,299,115,408,74,86,385,302,1037,398,119,94,547,833,955,552,454,700,313,1072,517,865,337,117,310,39,178,830
Semilla: 1433202231796993123
Costo: 0.2706347459384879, factible: true
Ciudades:
830,117,337,865,517,313,700,454,552,955,1072,712,857,497,178,39,310,669,498,410,515,583,243,478,13,1057,535,679,582,234,833,547,94,119,398,1037,341,557,156,690,189,1002,785,607,395,854,10,93,637,627,293,86,385,302,408,74,115,299,44,151,107,186,675,12,359,438,297,757,876,697,670,414,853,1080,1034,871,890,741,796,323,705,284,837,257,935,347,1016,896,492,203,489,393,563,885,766,893,528,358,688,355,98,1069,486,505,281,79,111,986,611,95,639,233,278,477,447,576,654,219,206,332,587,872,717,213,308,957,413,591,991,256,319,981,271,919,254,159,877,614,96,735,40,67,470,69,748,795,571,933,190,1007
Semilla: 8589679243180378178
Costo: 0.28762338586558356, factible: false
Ciudades:
933,190,186,675,12,107,151,44,299,293,86,385,302,627,637,93,10,854,395,607,785,1002,189,690,156,557,341,1037,398,119,94,547,833,234,582,679,535,1057,13,478,243,583,515,410,498,497,857,712,1072,955,552,454,700,313,517,865,337,117,310,669,39,178,830,611,95,639,233,278,986,111,79,281,505,486,358,688,355,98,1069,477,447,576,654,219,206,332,587,872,717,213,308,957,413,591,991,256,319,271,919,981,254,159,877,393,563,885,766,893,528,935,257,837,284,705,323,796,741,890,871,414,670,697,876,757,297,438,408,74,115,359,1007,571,748,795,67,69,470,489,203,347,1016,614,492,896,96,735,40,853,1080,1034
Semilla: 6258217295572832720
Costo: 0.3315341833045757, factible: false
Ciudades: 
871,890,1034,853,414,670,697,876,757,297,438,408,74,115,299,293,86,385,302,627,637,93,10,854,395,607,785,1002,189,690,156,557,341,1037,398,119,94,547,833,955,1072,517,313,700,552,454,611,95,639,233,278,986,111,79,281,505,486,358,688,355,98,1069,477,447,576,654,219,206,332,587,872,717,213,308,957,413,591,991,256,319,271,919,981,254,159,877,393,563,885,528,935,257,893,766,347,1016,896,492,614,203,489,470,69,67,40,735,96,1080,741,796,323,705,284,837,830,117,337,865,712,857,497,178,39,310,669,498,410,515,583,243,478,13,1057,535,679,582,234,44,151,107,186,675,12,359,1007,190,933,571,748,795
Semilla: 7284712305054461959
Costo: 0.29955302724845484, factible: false
Ciudades: 
611,95,639,233,278,986,111,79,281,505,486,1069,688,355,358,830,178,39,669,310,117,337,865,517,313,700,454,552,955,1072,712,857,497,498,410,515,583,243,478,13,1057,535,679,582,234,833,547,94,119,398,1037,341,557,156,690,189,1002,785,607,395,854,10,93,637,627,302,385,86,293,299,115,74,408,438,297,757,876,697,853,1080,1034,414,670,871,890,741,796,323,705,284,837,257,935,766,893,528,413,591,254,159,885,563,393,347,1016,896,492,614,203,489,470,69,748,795,571,933,107,44,151,359,12,675,186,190,1007,67,40,735,96,877,271,919,981,319,256,991,957,308,213,717,872,587,332,206,219,654,576,447,477,98
Semilla: 3397574177339052446
Costo: 0.28342029770915506, factible: false
Ciudades: 
438,297,757,876,697,670,414,871,890,1034,1080,853,40,735,96,741,796,323,705,284,837,257,935,766,893,528,358,688,355,98,1069,486,505,281,79,111,986,611,95,639,233,278,477,447,576,654,219,206,332,587,872,717,213,308,957,413,591,991,256,319,271,919,981,254,159,885,563,393,877,347,1016,896,492,614,203,489,470,69,67,1007,571,748,795,830,117,337,865,517,313,700,454,552,955,1072,712,857,497,178,39,310,669,498,410,515,583,243,478,13,1057,535,679,582,234,833,547,94,119,398,1037,341,557,156,690,189,1002,10,854,395,607,785,93,637,627,293,86,385,302,408,74,115,299,44,151,107,359,12,675,186,190,933
Semilla: 5840077673571445989
Costo: 0.3146076229940356, factible: false
Ciudades: 
717,213,991,256,319,981,919,271,885,563,766,893,528,935,257,837,284,705,323,796,741,890,871,697,408,74,86,385,302,119,94,547,1037,398,341,557,156,690,189,1002,785,607,395,854,10,93,637,627,293,299,115,438,297,757,876,670,414,1034,1080,853,96,735,40,67,1007,190,186,675,12,359,151,44,107,933,571,795,748,69,470,489,203,614,492,896,1016,347,393,877,159,254,591,413,957,308,447,477,278,233,639,95,611,986,111,79,281,505,486,1069,98,688,358,355,576,654,872,587,332,206,219,830,117,337,310,669,39,178,497,498,410,515,583,243,478,13,1057,535,679,582,234,833,955,552,454,700,313,1072,517,865,712,857
Semilla: 3349743646723810347
Costo: 0.30465183079977226, factible: false
Ciudades: 
492,614,203,489,877,393,563,885,159,254,981,919,271,319,256,991,591,413,957,308,213,717,447,477,278,233,639,95,611,986,111,79,281,505,486,1069,98,688,358,355,576,654,872,587,332,206,219,679,582,234,1037,398,119,94,547,833,955,552,454,700,313,1072,517,865,712,857,410,583,1057,535,13,478,243,515,498,497,178,39,669,310,337,117,830,795,748,571,69,470,67,735,40,1080,1034,414,871,890,741,796,323,705,284,837,257,935,528,893,766,347,1016,896,96,853,670,697,876,757,297,438,359,1007,190,933,186,675,12,107,151,44,299,115,74,408,302,385,86,293,627,637,93,10,854,395,607,785,1002,189,690,156,557,341
Semilla: 5060029608797974600
Costo: 0.29634336156802377, factible: true
Ciudades: 
477,278,233,639,95,611,986,111,79,281,505,486,1069,98,688,355,358,528,893,935,257,837,284,705,323,796,741,890,871,670,414,1034,1080,853,697,876,757,297,438,408,74,115,299,293,627,637,385,86,93,10,854,395,607,785,1002,189,690,156,557,341,1037,398,94,547,833,234,582,679,535,1057,13,478,243,583,515,498,410,712,857,497,669,310,39,178,830,117,337,865,517,1072,313,700,454,552,955,119,302,44,151,107,12,359,1007,675,186,190,933,571,795,748,69,470,67,40,735,96,896,492,614,1016,203,489,347,766,885,563,393,877,159,254,981,919,271,319,256,991,591,413,957,308,213,717,872,587,332,206,219,654,576,447
Semilla: 416945659958298016
Costo: 0.3057300983459633, factible: true
Ciudades: 
219,206,332,587,872,654,576,447,717,213,957,413,591,991,256,319,271,919,981,254,159,885,563,893,766,347,323,705,284,837,257,935,528,358,688,477,278,233,639,95,611,986,111,79,281,505,486,1069,98,355,308,877,393,489,203,614,1016,896,492,735,40,96,741,796,890,871,670,414,1034,1080,853,697,876,757,297,438,408,74,115,299,293,637,93,10,854,395,607,785,1002,189,690,156,557,341,1037,398,234,582,679,535,1057,13,478,243,583,515,410,712,337,117,310,39,669,497,178,830,498,857,865,517,1072,313,700,454,552,955,833,547,94,119,302,385,86,627,44,151,107,186,675,12,359,1007,190,933,571,795,748,69,470,67
Semilla: 2803300158248481906
Costo: 0.32013649361315794, factible: false
Ciudades: 
341,557,156,690,189,1002,785,607,395,854,10,93,637,627,293,86,385,299,115,74,408,438,297,757,876,697,670,414,853,40,203,489,271,919,717,587,332,219,206,872,654,576,477,278,233,639,95,611,986,111,79,281,505,486,1069,98,688,358,355,447,213,308,957,413,591,991,256,319,981,254,159,885,563,393,877,323,741,796,705,284,837,257,935,528,893,766,347,1016,614,896,492,735,96,1080,1034,890,871,830,117,337,865,517,313,700,454,552,955,1072,712,857,497,178,39,310,669,498,410,515,583,243,478,13,1057,535,679,582,234,833,547,94,119,398,1037,302,44,151,107,359,12,675,186,190,1007,67,470,69,933,571,748,795
Semilla: 1052739244459027542
Costo: 0.3106812231978776, factible: false
Ciudades: 
341,557,156,690,189,1002,10,854,395,607,785,93,637,627,293,299,115,74,408,438,297,757,876,697,853,96,1016,347,563,885,159,254,957,213,717,587,332,219,206,872,654,576,447,477,278,233,639,95,611,986,111,79,281,505,486,1069,98,688,355,358,308,413,591,991,256,319,981,919,271,877,393,489,203,614,896,492,735,40,67,470,69,748,795,571,933,190,1007,359,12,675,186,151,44,107,86,385,302,1037,398,119,94,547,833,955,552,454,700,313,1072,517,865,712,857,410,583,1057,535,234,582,679,13,478,243,515,498,497,178,39,669,310,337,117,830,670,414,1034,1080,871,890,741,796,323,705,284,837,257,935,766,893,528
Semilla: 2242239144262332241
Costo: 0.29208530785314263, factible: false
Ciudades: 
830,117,337,310,669,39,178,497,498,515,243,478,13,535,1057,583,410,857,712,865,517,1072,313,700,454,552,955,833,547,94,119,398,1037,234,582,679,489,203,257,935,837,284,705,323,796,741,890,871,1034,1080,853,414,670,697,876,757,297,438,408,74,293,627,637,854,395,341,557,156,690,189,1002,785,607,10,93,302,385,86,115,299,44,151,107,12,359,1007,675,186,190,933,571,795,748,69,470,67,40,735,96,896,492,614,1016,347,766,893,528,885,563,393,877,159,254,981,919,271,319,256,991,591,413,957,308,213,717,872,587,332,206,219,654,576,447,477,1069,98,355,688,358,486,505,281,79,111,986,278,233,639,95,611
Semilla: 8878235862200927371
Costo: 0.2904233311812087, factible: false
Ciudades: 
302,385,86,293,627,637,93,10,854,395,607,785,1002,189,690,156,557,341,1037,398,119,94,547,833,234,582,679,535,1057,13,478,243,583,515,498,410,1072,955,552,454,700,313,517,865,712,857,497,178,39,669,310,337,117,830,470,69,67,1007,186,190,748,795,571,933,675,12,359,107,151,44,299,115,74,408,438,297,757,876,697,670,414,853,1080,1034,871,890,741,796,323,705,284,837,257,935,766,893,528,271,919,981,319,256,991,591,413,308,355,278,233,639,95,611,986,111,79,281,505,486,358,688,98,1069,477,447,576,654,872,206,219,332,587,717,213,957,254,159,885,563,393,877,347,1016,492,735,40,96,896,614,203,489
Semilla: 2783531217625149655
Costo: 0.3166560751675328, factible: false
Ciudades: 
871,890,1034,1080,853,414,670,697,876,757,297,438,408,74,115,299,44,151,107,12,359,1007,675,186,190,933,571,67,69,470,489,877,393,563,885,159,254,981,919,271,319,256,991,591,413,957,308,213,717,872,587,332,206,219,654,576,447,477,278,233,639,95,611,986,111,79,281,505,486,1069,98,355,688,358,528,935,837,284,257,893,766,347,203,614,1016,896,492,735,40,96,741,796,705,323,310,669,857,865,712,515,498,497,178,39,410,583,243,478,13,1057,535,679,582,234,547,94,119,302,385,86,293,627,637,93,10,854,395,607,785,1002,189,690,156,557,341,1037,398,833,955,552,454,700,313,1072,517,337,117,830,795,748
Semilla: 5469160033670782836
Costo: 0.29363246284015865, factible: false
Ciudades: 
40,735,96,896,492,614,1016,203,489,347,893,528,213,717,872,587,332,206,219,654,576,447,477,1069,98,688,358,486,505,281,79,111,986,611,95,639,233,278,355,308,957,413,591,991,256,319,981,271,919,254,159,877,393,563,885,766,935,257,837,284,705,323,796,741,890,871,1034,1080,853,414,670,697,876,757,297,438,408,74,115,299,44,151,107,12,359,1007,675,186,190,933,571,67,470,69,748,795,830,178,39,857,712,865,517,1072,313,700,454,552,955,833,547,94,119,341,557,156,690,189,1002,785,607,395,854,10,93,637,627,293,86,385,302,398,1037,234,582,679,535,1057,13,478,243,583,515,410,498,497,669,310,117,337
Semilla: 4055910023014604143
Costo: 0.29647966421695027, factible: true
Ciudades: 
854,10,1002,189,690,156,785,607,557,341,1037,398,234,582,679,535,1057,13,478,243,583,515,410,498,497,669,310,39,178,830,117,337,865,857,712,517,1072,313,700,454,552,955,833,547,94,119,395,93,637,627,293,302,385,86,74,408,438,297,757,876,670,871,890,741,796,323,705,284,837,257,935,766,308,413,957,213,717,872,587,332,206,219,654,576,447,477,278,233,639,95,611,986,111,79,281,505,486,1069,98,355,688,358,528,893,347,1016,614,492,896,96,735,40,853,1080,1034,414,697,359,115,299,44,151,107,12,675,186,1007,190,933,571,748,795,67,69,470,489,203,877,393,563,885,159,254,981,919,271,319,256,991,591
Semilla: 2886935116767210270
Costo: 0.32086734115417764, factible: false
Ciudades: 
219,206,332,872,587,319,256,981,919,271,877,393,1016,614,896,492,323,257,935,837,284,705,796,741,890,871,1034,414,670,74,293,627,10,607,785,1002,189,690,156,557,341,395,854,93,637,408,438,297,757,876,697,853,1080,96,735,40,67,69,470,489,203,347,766,893,528,358,688,355,98,1069,486,505,281,79,111,986,611,95,639,233,278,477,447,576,654,717,213,308,957,413,591,991,254,159,885,563,830,178,39,669,310,117,337,865,517,313,700,454,552,955,1072,712,857,497,498,410,515,583,243,478,13,1057,535,679,582,234,833,547,94,119,398,1037,302,385,86,115,299,44,151,107,12,359,1007,675,186,190,933,571,748,795
Semilla: 3393393525628561521
Costo: 0.32531853133880567, factible: false
Ciudades: 
830,117,337,712,857,497,178,39,310,669,498,410,515,583,243,478,13,1057,535,679,582,234,611,95,639,233,278,986,111,79,281,505,486,358,688,355,98,1069,477,447,576,654,219,206,332,587,872,717,213,308,957,413,591,991,256,319,981,454,552,700,313,517,865,1072,955,833,547,94,119,398,1037,341,557,156,690,189,1002,785,607,395,854,10,93,637,627,302,385,86,293,299,115,74,408,438,297,757,876,697,670,414,853,1080,1034,871,890,741,96,40,735,359,151,44,107,12,748,795,571,933,190,186,675,1007,67,69,470,492,896,323,796,705,284,837,257,935,528,893,766,563,885,159,254,919,271,877,393,347,1016,614,203,489
Semilla: 2191707937874362881
Costo: 0.31798876526144576, factible: false
Ciudades: 
39,669,310,117,337,865,857,712,517,1072,313,700,454,552,955,833,398,1037,341,557,156,690,189,1002,785,607,395,854,10,93,637,627,293,86,385,302,408,74,115,299,44,151,107,12,675,186,933,190,1007,359,438,297,757,876,697,670,414,871,890,1034,1080,853,96,735,40,67,571,748,795,119,94,547,234,582,679,535,1057,13,478,243,583,515,410,498,497,178,830,69,470,489,203,614,1016,347,393,563,885,766,893,528,935,257,837,284,705,796,741,323,492,896,877,159,254,981,919,271,319,256,991,591,413,957,308,213,717,872,587,332,206,219,654,576,447,477,1069,98,355,688,358,486,505,281,79,111,986,278,233,639,95,611
Semilla: 2096407493500992087
